-0.853615771662435
0.725971315783316
-1.19764028179118
-0.110733692986028
-0.792852442926678
-0.0951532243702875
0.550209210606718
-0.857460643345365
0.0182256753956226
0.984216279011568
0.392748187841924
-0.456125864124131
-0.79952712259105
2.004275340881
-1.22574016532171
0.263970802995496
-1.30695090662813
-0.49146894521018
-0.165003973032373
-0.96033073696143
-0.528412911032749
1.37268552504061
-1.0369378274392
-1.70255219098303
1.21181662998765
0.416446962436684
-0.842439634831701
0.385865971739665
-0.542742407537489
-0.0910973829062745
-1.12660714213366
-1.06836659196405
-0.4897033933355
-0.163665037095033
0.957978007980972
-0.902187471228336
-0.123130107787358
-0.618377449795857
2.13721054952591
-0.514551893894792
-1.11519586979652
-0.500127495119858
-0.655610609822041
-1.21372239650679
0.961661932568109
-0.689888727679012
-0.0916615272974825
-0.460180725003778
-0.871344086413994
-0.715525575363076
0.112763244795617
-0.0176927727210766
0.547720455654272
1.33788064225235
-0.297210989140655
-0.951341281529705
-1.04426656670531
-1.82049847595021
-0.926344050319554
-0.98042691823758
-0.544612823941044
2.12024169906147
-1.34310268820484
-0.610723114260581
0.722474082628112
0.13495975345814
-2.16897138152109
0.222152060078843
-0.648219454560918
0.938634597350093
0.311909619693333
1.14724896359663
-0.922803216641093
0.153053893641485
2.28151330134365
0.0870160050798454
1.62546281040182
0.627424104467089
0.00811166698201762
0.0989808412624384
-0.655829370468529
-0.816128676400609
-0.708555285304157
-1.10965453935098
0.64261843910869
-1.29310160547926
0.420705522461379
1.3440339194437
-0.269495756557537
0.2648875283048
-0.431296737624341
-1.2452315220112
0.798320748633046
0.480584949774426
-0.200320954998538
-0.414707135350942
-0.106422931261258
-0.574979155716676
0.242447281754982
-0.327150473508224
