-1.06964088684401
0.6220373075287
-2.29478866214002
-0.882044761640797
-0.98467708871012
-0.7397840820302
0.584075874785626
-0.820435617394869
0.141489601098373
0.754485176964459
-0.657173951060326
0.141407326611458
0.772746734091753
-0.880068149727626
-0.132619992285967
-0.768372847490112
0.444771009457356
-0.172371779439068
0.625248462339628
0.528129549215653
-1.17710297907395
1.23876959959306
-0.662611575704596
0.159169258344964
0.721185259099763
0.79713257271394
-1.6114292185225
-0.184427815885693
-1.04113096428267
-0.578992775720314
0.267331656153432
-0.462209203144114
1.25929821252059
0.607776147263985
-2.62065554345329
-0.018198091650948
-2.40028127066225
-3.21868405480342
-0.42371231118351
-0.0861004792347808
0.653677957954761
0.67300272431515
-0.908611046146591
-1.60689520385565
0.461404782947024
0.989641461595705
-0.242415413780779
-0.295713329765419
1.15950229286621
-0.724564811068177
1.2787246867388
0.0721696731621293
0.596202718368353
1.14367394080992
-1.14075473245412
0.990399327937229
-0.315702948466243
0.776406278794687
-0.239938417797423
-0.0988628623985669
1.90272698465921
0.0234961096374184
-0.119498695185405
0.100405470008431
1.18827808072004
-0.30921763127337
-1.94624144432464
0.619525475088612
-0.61265127455229
0.119626024671406
1.26146387893785
0.510575941851812
1.71252983562776
-0.547607897720182
-0.546785493730689
1.76113341480289
-0.234399444831743
0.749287683827513
0.386239520635351
-0.989701797802248
-0.264395198980514
-0.0597964250760806
-0.331489001409507
1.58084867343741
-1.21968853411889
0.795751381311444
0.150336713779474
1.27533078656525
-0.460886144238135
1.54703315894722
0.335512716838537
-0.944695905214432
1.19552171807177
0.968895699947251
0.0114455961526449
0.740354806237454
1.22030901228847
-0.459733057305498
1.33461937864615
0.702474961288583
