0.0407314079884388
-1.87020897499034
0.0732176059146803
0.3814872970559
1.25181057496883
0.808484083061434
0.648711501615857
1.79656173605174
-0.099153321764825
1.40895411328617
0.0399748665187844
0.0782855677504197
0.593066252007869
-1.53818124949965
-0.721033278499588
0.554361343543973
0.238022783787447
-1.5575736628983
0.195779818760408
-2.1153105877043
0.0322815133757707
-0.417175982867942
-0.164927078994458
1.66754822159834
-2.2029179213986
-0.308431788745923
-0.16892896361148
0.158743137577527
-1.47419294286172
-0.530419586926957
0.617740510312352
1.1199315127077
0.0745641770978873
-0.637930037394327
-0.304085607046416
-0.0236339861640706
-1.62225154713666
-1.00131750353594
-0.121004788274121
-0.555376068985886
1.78528522525675
-0.742456137834207
-0.868743570600151
-1.46456129007557
-1.93763155966683
0.672213465670401
1.91814898706508
-0.504185643682169
-0.77904901780936
-1.21114405529973
0.789748025528136
1.78053784499336
-0.351861662092823
0.738536829050298
-0.424509736387354
0.204225689019094
0.294526706408569
-0.456046906858912
-0.357836933887837
-0.346525272240103
-0.981322820852645
-1.29329875295015
-0.503927435110298
0.764368155635361
0.529833225766732
0.777278542727636
-0.0507172402439249
0.957234124711091
0.660190165174304
0.0124281083492442
-0.973933234946445
0.51388839084693
1.05627209067632
-0.287392153132563
0.3176462722192
-0.00933332370365472
0.722613821920268
-1.8712506784674
-0.0969222270068861
-1.87380538688234
-0.996814011075652
0.776416609696566
0.0863674971175769
1.25166407636347
1.42749027460662
0.116491014476593
1.89663414495567
0.262991675495177
-1.00417444486121
0.360199504873405
-0.307621677722835
-0.393818671238128
-0.896326851170249
0.533381236004539
-0.24713363260589
2.26651034065991
-3.00741142254516
-0.814489329437524
-1.2816013335314
0.400629859260501
