-0.931446139325145
-4.24566300508525
-9.33696207881856
-4.95098959271455
-0.76473028869979
-0.9938974431671
-0.752130389305535
-4.7298617323436
-1.21895856654718
-0.172698590559616
-4.71598499584259
-0.0880528286096352
-8.07304805128903
-0.297349154100414
-0.20613603096383
-1.4013997649786
-1.72540933870468
-0.788303253329729
-1.99158306870757
-0.858447888758423
-2.06779890476102
-1.26009777866004
-1.67645378168512
-0.86421806075427
-0.993041959231654
-0.125785922545125
-7.03780289101251
-0.503384374945308
-0.327077915815765
-0.289773198079843
-0.690652636022226
-4.89974366638262
-0.296667133586811
-3.8176806179961
-0.307974296185298
-0.169333395387789
-0.578560077543583
-0.438939420191024
-0.641185760915935
-0.51402502686664
-1.69779242704372
-0.329373024236133
-0.46143598687833
-1.25696434134344
-0.0189916891878545
-2.45561487708381
-3.61592435479027
-0.531350352402481
-7.16981154065714
-0.200651281883281
-2.72537109421948
-0.238737745454799
-2.20701142934566
-0.221710475955265
-0.0779415724963295
-1.91236551392201
-0.223500468972377
-0.0370090833542723
-5.22799840298234
-0.0992303033321962
-1.315729956531
-0.961160792888113
-0.0157391604963117
-0.811957517719735
-0.197115512978297
-0.778457957457383
-1.2572285592579
-0.464905627469325
-0.197932554978012
-0.616794602946233
-2.07213259170901
-0.0997749780875919
-0.608287722170808
-1.56949772679255
-0.0833733271317254
-0.178814733754188
-0.662318629801204
-0.527735745703069
-0.0902932822668142
-0.243115916520776
-0.801130682285627
-0.439542566085626
-0.97087861060389
-0.0885904017601181
-0.278174871203558
-1.12043678617078
-3.26378700705026
-0.424575748166326
-0.373365306191395
-0.0350606308758862
-2.88687761522097
-0.267074726383358
-4.21807976450699
-0.402806014702288
-3.63388388363707
-0.289689197366788
-0.0420277381794329
-0.220927778965985
-1.12862070327724
-0.730722799537434
