-1.54994705863058
0.199631826194986
2.3962476296913
-0.31686917484081
-0.0131127164523969
0.155766718335539
-0.0270868941459734
0.600653966875564
1.23035315742064
0.607026509240523
-0.248187513896268
0.162051990162049
-1.154988490438
0.765694507196076
0.491950390427973
-0.0364888979679185
1.13931927183374
-0.475169063544584
-0.245080278889286
1.07178913514865
0.394869354713648
-1.15396804679997
0.572778334641436
-0.666224003009247
2.06299696770376
-0.90578399851714
-0.659942164460744
0.570677250863824
1.58489106805499
0.736096149609901
-0.307200225312549
0.214014015089319
-0.277887758528948
0.152704836661124
1.61625233181732
0.425971030611944
0.564876200687039
-0.377496442008208
-0.545758005071067
-1.94191881682272
-0.189717398920702
1.83929776697593
-0.680381860103896
-0.520214547508403
0.596279563391117
0.664063138368575
0.828301110453432
-0.458768654339837
0.185342433191278
1.42600761683716
1.66294347006799
0.661269639857253
1.45591774981174
-0.719149890305136
-1.94320065373288
1.37082023763581
-0.0217708465129513
-0.430051922670542
0.609253423238775
0.238194579169306
-0.947820664130851
0.411780328439036
0.464569082245803
0.731007554397694
1.1883462219798
-0.958815654319665
-0.400290845660241
-1.34597998435916
1.02422979993335
-0.255966943677734
-1.1530445090965
0.144184074006614
1.43494757982729
-0.427364680629896
-0.10284126587463
0.402297364228939
-0.254711029856511
1.03590378222469
0.167459572521921
-0.692002440785026
-0.851424861542841
-0.524359764794332
-0.113135990429456
-0.414854443311806
0.139333986783445
1.68983592595046
-2.20963191659165
0.988745213538812
-1.66371092625703
-1.16200303380121
0.961778858928132
0.0469945115761811
-0.783549831565966
0.448478121572298
-0.801654717747388
0.716266379721944
-1.21920919143412
-0.897700172239503
-0.788204356696577
1.03464599485522
