1.58607680253577
0.601837078809893
1.60040285512245
1.74076076628059
-0.61655206000675
-0.136286403409753
-0.0705698036169732
1.13565937942687
0.581819781340805
-0.0249633927554969
1.51871177987084
-1.10516176723595
1.76646309760141
-0.321568197462695
0.157452190920516
0.574262180977718
0.0312751790372687
-0.489521117563626
-0.209375241248683
0.876072482524704
0.473993530764826
1.20272891137717
1.7430428877166
0.911015161530361
1.14697911888675
-0.720021087270049
2.12450300087661
-0.0426850916142857
0.217613099884589
0.280578790242052
-0.943622649848601
1.8263815743643
-0.805765765636878
1.80929984592301
1.19247343141022
-2.51145993160073
-1.17652048351006
-0.356839250287714
-1.10318077328652
0.0370536002612678
-0.283348533391917
-1.10075978174456
0.336070574300691
-0.0707351202775904
-0.6007489765789
0.876944753878446
0.932636994545291
-0.173626978273833
1.58730699076993
-0.85006658015192
1.18153794680634
-0.902823196336989
1.50716876574398
-0.624340223415981
-0.754089090457046
0.332130765757413
-0.671720241785778
-1.51210877483073
1.63750149595129
-0.0811758782277521
0.645357747338944
-0.756559966122159
0.00143471477166427
-0.684235320444542
-0.908201901700632
-0.735799531283552
1.52105859643713
-0.84419524361245
0.116379930630938
0.645204623926999
0.10691461214181
-0.903520602656062
-0.285795214810883
0.847580053478749
0.101995003677556
-0.940606713894697
0.0822195379671185
-0.178569617141526
-1.11243355280807
-0.669941870071312
-0.147347507863823
0.522382613299254
0.397974651797123
-1.22106287443524
-2.11986644464055
-0.175454831153623
0.934645351043465
-0.00866136701394868
-0.620760821759165
0.187110300365967
0.669268891740249
-1.1395699199549
1.3970720493045
-0.290446156248485
1.06688259256426
0.885545293978842
-0.323203190097062
0.338198800464594
1.40282570059417
0.636755196489634
