74.349085675153
119.665664754821
130.239729356792
106.860031201289
106.085041364167
123.48674842151
89.3287206038869
120.617917724131
110.797919708162
112.489787581108
92.8658732763043
95.3361994843944
73.6466695807507
115.38036122565
111.26489102548
90.7146403419107
109.396213797501
85.4443701491575
111.786684634535
111.613582528463
111.361264987365
98.6618142449157
99.8369633608181
111.764475469564
124.592275584276
90.9094622633052
75.1316243343101
116.92771669004
109.922260871053
105.301340580451
99.2626533876098
93.8241392940512
84.8435919962133
100.535324615007
113.094897663483
93.5300977581307
89.0688637933159
96.8760449144625
88.918281961159
87.6952140052819
87.2798962106768
118.217563090886
116.616572775183
97.5348322780163
107.814831927363
102.561537078929
105.579676408496
89.2930627533604
114.713106883075
96.4402487423403
121.751114506912
115.946897693187
113.38681922262
84.3520036578829
84.3180060022838
110.227854288618
95.3150989101653
78.3505842693343
96.185700088352
92.1648860630603
81.9806080160694
111.772154700023
118.026507819298
120.502830803766
98.6450544873541
73.7693715816699
87.3954025707411
69.8060875290222
93.7314194779429
99.2383416886232
99.1848789601007
106.951653372382
115.904231704522
110.871369502389
104.426946981628
120.830588276389
95.599439204626
103.789244285385
101.38759243886
87.3170006621062
84.6925335822048
104.566945488056
96.709129288571
101.25527202356
106.531367844469
123.588104743613
74.1259735124003
112.704317703829
81.8134292399138
76.0252113176609
110.602694961455
101.748756413388
75.6854870209954
104.176304632245
91.056314906235
104.313536249704
90.900235589327
84.068374639528
81.8055777206675
117.203354761428
