-0.0766228966779454
-0.120341882544495
-0.12685255409467
-1.29549268234484
-1.16198664389675
-1.96630555950454
-2.9542558318004
-4.896416149026
-0.993881077713744
-3.01500916150305
-0.165344574467453
-1.7364460333124
-3.92569885466335
-0.205321543929997
-0.1963040090908
-3.17077715626074
-1.40905337842541
-0.19904226659514
-1.33150572306781
-0.00249022083971719
-1.219795158868
-0.218538051709064
-1.24577657815975
-6.99643667663037
-0.0205600780684409
-1.18827946682268
-0.769258000977031
-2.09919295682096
-0.317814778389387
-0.391739836877789
-1.01708399458659
-2.23153371491511
-0.85003842989873
-0.526723362684117
-0.450042535064252
-0.344748364169008
-0.0857119036198179
-0.523339518220423
-0.634304492631732
-0.0395800305180771
-3.80739513375367
-0.483522466908426
-0.0743353961787953
-0.0796552402794177
-0.129905999101448
-0.490903699057836
-5.99443480575356
-0.339497821595052
-0.883605736858322
-0.33270022562217
-4.15376533674043
-1.11983952188762
-0.458947879934192
-1.15559621404068
-1.03925498511472
-0.287161112281678
-2.62030341936645
-0.753049120069909
-0.588132033997402
-0.252995758041751
-0.459614733626119
-0.0993129972790686
-0.273734780910597
-0.877617689004112
-0.291286090177741
-1.5059779898339
-1.33947862756109
-3.28574001634097
-0.294797971117485
-0.237630920651257
-0.131949366010942
-0.0426680647357732
-0.682146887195678
-0.189680799796392
-0.109037095972286
-0.00704877388945671
-0.25493637059108
-0.00905196524499457
-0.504757635196925
-0.0857129803614
-0.0595643308552826
-0.293960113541165
-0.532987996732699
-2.99171010960206
-3.71790244342731
-0.452834052009295
-6.55040123603053
-1.75017007187504
-0.0943848855535864
-0.0838783776601423
-0.947607807496328
-0.0211905321739275
-0.564096992480275
-0.430133327540962
-0.976031352485799
-4.31171692284536
-0.0494946361110221
-0.530347477137631
-0.32450238908923
-0.612695354769727
