89.9885625410918
92.3848276729932
83.4048248489494
94.4312931562444
97.2883345342375
83.8087407825793
101.207453984209
94.6980602151182
97.3360149183577
113.375806832481
102.478701285898
108.330096980414
109.491621590327
96.2314577801484
103.795603135886
107.017895032506
99.2414805371778
91.9773797773309
94.2085088520825
97.7532804750597
89.9982798359169
102.445943868328
93.9289846692868
115.631359485056
106.715353777578
110.855121002047
81.7501387850098
94.2774272317097
94.4553323345499
107.658903936842
107.569879963234
85.408809505508
125.658765104545
76.648665356673
65.3209409592473
95.3106436691917
57.0675810328075
66.6728790021411
94.2387865451874
98.9727263820966
94.7929041156362
101.074616716297
106.610350130878
75.2811241066505
119.379623526662
118.663990978273
95.3635562101573
120.646219263058
111.254832926033
95.6582145974382
117.550168322844
102.128288406733
111.879390881686
112.500597182834
108.15962315662
105.340206060651
84.375091465877
116.403958312049
103.495149889021
117.337841690113
107.606530183477
103.373940440443
110.340140247861
125.433050995741
113.988216935736
100.402946363559
78.6931474226415
109.353344096111
98.6544495804972
101.992368407625
104.967490473958
102.647146950679
127.612392466861
95.0911098930034
93.9800622995719
102.154429126336
97.6443004008004
120.306521995555
78.8889952371405
93.0496587554127
106.137405891319
118.986999759438
97.4875480919906
110.555281335106
93.5157543453575
102.988209214215
110.28247890919
104.521628033467
93.0904932373587
119.43436508221
103.127498276944
81.7523499755631
113.45755777948
119.921791584394
97.2547049339028
106.457796088671
109.434845211919
103.933421640735
110.733652697622
96.9610641605836
