-0.31877407385017
-3.58174570873865
-0.0876310803025184
-0.479694563799548
-0.700489409492555
-0.0842538716841315
-3.91224458973665
-0.035235714618454
-0.0140755094383994
-0.22743914484125
-0.0592464833827798
-1.09998625387587
-1.67671609192573
-0.458488371926065
-2.197534349378
-1.19723121194325
-1.71809331819876
-0.516920521133777
-0.591639068667613
-0.791708812111751
-0.00688202903807525
-3.88225225124893
-0.201195063906326
-0.841740689068568
-1.51626628535296
-1.0022911118457
-0.0172074373030485
-0.174933692040445
-0.264458615096436
-0.60102653227396
-1.91832057500937
-1.17246832088046
-0.254643707548688
-0.515970613604462
-0.137479002004466
-0.116787687993745
-0.160366852617406
-0.0593459147456593
-0.601811023715658
-0.657729967789049
-1.17595980695949
-1.8379590126305
-0.386839766274256
-0.0267342706660262
-0.891714874560442
-4.14537222042032
-0.0653705567808321
-0.471123920425662
-0.0397014232545936
-0.0621892696852013
-1.05544050882691
-0.360508080464671
-0.382975567848281
-4.83056656326795
-0.395691279803917
-0.021475085131451
-0.649502237773692
-0.764907567273644
-0.167945754586481
-0.428531428772968
-0.295556510499615
-0.81450730801649
-0.742812815478368
-1.88098109613413
-2.85121589705785
-0.915225110888618
-0.223504845478744
-3.10753135460681
-0.0251773511032477
-1.97101874756098
-2.39807321516196
-1.07570850518502
-9.80173078723284
-0.0361971087670075
-0.144579869624062
-10.5426549363562
-0.189881802037751
-1.46712319986736
-2.9332812986666
-0.0962264411353487
-0.211115992220556
-1.16747901821565
-0.216191203758538
-3.05040516693288
-0.17478783323337
-3.3580209819421
-0.177276627042629
-2.04450638220729
-0.416151205236436
-2.88964867410949
-1.63767852160276
-0.0468995931628144
-5.89224929658099
-1.14260893674497
-0.276984029327352
-0.529023894404279
-4.99212657897343
-0.13421650800161
-3.33699842654459
-1.54480556066714
