113.248781780974
101.715956796684
111.431575551054
116.867079043852
82.3230145754251
103.092000916745
94.663622151702
110.706805496662
108.075896083095
81.0127907424784
107.882865530407
103.114285880309
125.399488456195
91.7857110796802
104.583844792894
96.4476789641835
93.8623765781158
73.8124781083878
100.148506920406
95.2925326835694
98.6643639614873
113.295968508024
132.951804821385
109.044646283749
108.217552974829
97.9109249398091
123.494682432156
86.9080712829101
103.369835955035
115.013593300289
102.403245121008
105.261998850983
91.459587444547
110.087557198079
119.928837721814
74.813647386822
77.917246897568
96.8630277698508
82.413205268914
98.5929301574004
102.352408156851
101.770035019825
99.2008204132762
96.2469558822916
86.2283387173264
108.046135865561
110.475405244755
111.255477497953
94.4710200118117
85.1371404312549
110.530485115454
87.0621948992348
120.259527437939
82.3304599626383
90.9011721969676
96.4961939599176
86.1458862065576
99.5188734344819
112.781539895487
87.2917421579176
113.866962548
80.0225226924006
100.725038862431
75.7351028749189
83.5288945938828
87.0736844813721
118.57403415407
89.0756618929606
112.891105203293
110.878206876983
85.1206719720736
88.4453817827524
109.116089680732
98.411275565822
104.728391959376
91.0985701446889
104.959973053568
107.626609066482
92.8346650308575
93.8315555660411
98.443896154925
92.293568247824
108.49434867037
79.9735958061216
84.5908496657498
106.244444620009
108.651552197605
101.172921886443
113.085468368884
91.463835500993
122.566215031719
117.346164424183
131.82987330216
102.287312196777
108.442554011822
103.166335284556
96.9092998633164
97.7365205688592
121.305187021052
102.928024071671
