85.6731070471075
109.677646619688
85.4338229802308
97.2766402260579
103.25660438135
110.04323074998
107.39662747438
92.7016256610716
105.840171668285
116.425857285803
107.735953079186
96.9018364491721
84.2265564937725
106.541666091285
103.255122874418
108.627481268869
84.0273963548311
73.9824986071581
98.675933830158
98.9980921559304
104.660584358026
112.290408465842
105.471001084242
85.8892711719604
110.607941380723
111.861748455431
99.8378492146313
108.833488201548
84.3779960031643
114.568268393234
92.0255890315402
99.5241551809724
105.777110098093
89.6477630786041
98.1413417095425
80.6344943756148
98.2401566646162
106.756278996856
106.274467865129
80.6551316064835
87.5327239182656
100.248116259416
98.3822342226877
80.5681509809432
110.136455416483
77.8442912181586
98.3428251559844
93.6777440601398
103.910759216996
88.7094359989836
95.4894664591177
93.7247122260431
102.88789539305
130.514144791655
98.8235406657179
88.0130156483415
108.439286894413
75.8112087370867
111.679931915395
100.367950743893
83.4591736996846
125.096672147701
79.5801155360849
93.7804620526524
108.739298941853
107.129591308658
83.9536238048552
121.80164066781
102.964862050626
99.5170758207409
89.1006873579717
115.955173241684
114.559055828118
108.691681745438
124.52599801476
96.7252562695923
116.116833488734
94.3852087767954
110.6640278148
100.874403868889
109.521363377097
94.924402273511
95.5920041539108
68.0390350544417
110.961710158248
106.002373914258
89.4764568872514
123.011217921222
114.836645031405
105.84251686591
115.395008474101
79.7340499467778
92.3492044053967
119.916249441016
96.324492108659
88.8016461770716
107.874491002659
88.4958802543531
129.188991589812
111.14050646387
