99.8685909935304
77.3797961944642
101.757100586179
96.8953073780629
124.573653554139
119.047520918428
112.763800840873
117.92850281093
109.141617411203
133.41981089452
103.612264786163
119.354277190306
128.629179221109
105.088994195355
90.2189021557949
108.551417256425
98.9127753208144
96.4481012660801
98.0102112002896
71.7823966842714
108.442188454191
90.8787629477457
99.4305647016632
111.174615656149
77.1876556627644
99.3573853271764
104.417005549947
97.4972547348355
79.080575323851
90.8462433589075
109.381030879132
115.894936251826
106.254414214061
128.636617351916
99.9682434562025
103.80144222823
78.6027403304749
97.0449115462622
108.333481857375
97.1717286088362
109.181156803766
78.3462602499445
109.373129726204
59.2988689224101
72.290950204852
106.642311281301
131.963129056959
93.5047011740996
80.479768271141
91.201069315839
104.613733739014
115.297395877996
93.3320541530031
111.250347002467
90.1789137408087
119.285177019759
99.6696668098665
105.328276258008
88.1918158979286
111.118142080759
98.5189326836687
103.203033887069
84.9254978391577
95.0575700036881
119.612439533948
105.546301142168
85.720449634265
120.617242548492
95.9419028759235
80.2630808799242
79.7086161328142
101.527694463249
125.513768087045
120.113587565014
108.102907042158
94.9801867146759
108.146601144163
88.5785209018906
82.4217635111184
83.3549846234914
94.3342651074405
103.127437634934
89.0913704799182
110.202264217302
99.6160881949723
96.6746524246689
115.522502767653
117.735141168239
85.5793568760314
95.7254878819889
115.808391575044
88.8799822365772
94.0447625375082
105.460866910795
111.01591578944
110.400036111695
48.2050327290513
89.2243013125668
99.5056032489157
92.2980052585369
