-0.178356542351108
-2.34355262684884
-12.2172490371121
-0.442765351720175
-0.367286667335456
-1.23277052022034
-1.62272158712078
-1.64911372868748
-4.58284077808429
-0.216802328890352
-0.987218358433914
-0.0552780159265159
-0.140979711161915
-1.47798559172873
-1.71750840724868
-0.315670689818956
-3.38513164738346
-0.402856527825779
-1.34810483137432
-0.50112820480817
-1.63207171810677
-0.0982238376217888
-1.27385773208925
-0.297216837637338
-6.99816813988436
-0.257952278794118
-0.865018534680301
-2.04502333169463
-5.34887053525175
-0.97066903393099
-0.238759600724717
-0.340784336100658
-0.209804386577441
-2.81148325410402
-2.66918681562515
-2.01656194087856
-0.313196527194752
-0.0698703267181516
-0.19260379740284
-0.371276852567733
-0.645407660898851
-5.63512094243462
-0.419890655150853
-0.230307857095605
-2.07454675326837
-1.21129932873909
-0.807704398446507
-0.99101787296797
-1.17908076172862
-4.75901188334528
-10.1597779306228
-3.92410082334954
-4.70564669995427
-0.568953894405189
-0.0996947030298266
-0.656250194482311
-0.185846308440354
-0.24125863015967
-1.0058530601547
-1.45724137301121
-0.0731132829242584
-1.19019501822042
-1.7996137291728
-2.60081670245681
-3.58557251469451
-0.086375193768336
-0.965407269385237
-0.182600932525729
-2.70220056575223
-0.403477126583931
-0.288176294531413
-0.475412836203684
-2.22391253409727
-1.38012954979075
-1.38436315765171
-1.97107555835145
-0.899107227151843
-0.113815063651401
-1.15316956849831
-0.192121602504951
-0.0271552662702701
-0.00365149504029517
-1.01537200203625
-0.922278110985221
-0.645594609772875
-0.977540393708841
-0.00222733071088784
-0.234014105123996
-0.144036580386722
-0.126254919542969
-0.47527563267235
-0.943587981667068
-0.487445207377345
-1.26674359685683
-0.489706152452343
-0.217291887534355
-0.0819010692189018
-0.0973308472209536
-0.269288862651064
-0.349696843936469
