-0.212662886688644
-3.65979987770839
-0.426113915667749
-0.51311429674126
-0.661101149318855
-0.666051725378582
-0.22527912137888
-0.85084575968084
-0.22214875891161
-0.303886969875576
-0.00883273747940464
-0.380112452109312
-0.380894469324086
-1.2876381260938
-0.37494940784271
-0.976981825317569
-0.246725995972419
-0.525825015349575
-0.182718823158701
-0.580037521930939
-0.339646100423463
-0.0919729227250358
-0.306421558797848
-0.296990548769402
-2.02393544352117
-0.806529772074734
-0.446326766849824
-1.17157636059781
-0.0573699137872653
-1.00894487978393
-0.332606542278345
-0.38173489975652
-0.656705918163436
-1.12431460297267
-0.541056590300664
-0.515440646321789
-0.0635183949287886
-0.926269789829609
-13.6339529483449
-0.687445461469064
-0.428072751597108
-0.853405354368415
-0.306884735718769
-0.386322202806994
-3.5921423480114
-0.582753401727907
-0.111916215181968
-0.100784526282873
-0.214036435019463
-0.503921356307046
-0.463424950040237
-0.629693496887753
-2.81721047030573
-0.0126107727798224
-1.14077216200605
-0.00533509351128869
-0.329102435286428
-0.263592797912524
-0.360946111235601
-0.166836137239477
-0.657532573639623
-2.75608565594322
-0.228665835852513
-0.36622237111089
-0.30322336196574
-0.462943318953721
-0.158097623293093
-0.511536494553493
-0.844369175940154
-4.7544181015753
-0.46306436834819
-0.227184484528805
-0.0641312438245526
-0.6503977493513
-4.23591694359753
-0.231917650030264
-1.57791774497344
-2.40274302795965
-0.378143407248604
-0.726778727635948
-0.0897174291043562
-0.0861526363083057
-0.291032966067523
-0.0922972979153876
-0.794508694695851
-0.108645585266641
-3.01473017654892
-2.29247495160027
-0.751260471393422
-1.17103705497106
-0.551586877565592
-0.139027458105114
-3.66373665130827
-0.825782942520986
-0.202154331946484
-0.174301192232127
-0.00152612572583256
-0.315572590800373
-0.758021921452462
-1.17277058538102
